image_width: 640
image_height: 480
camera_name: HD3310
camera_matrix:
  rows: 3
  cols: 3
  data: [682.1725881370586, 0.0, 312.5467659964813, 0.0, 680.0197715304892, 223.89019257733764, 0.0, 0.0, 1.0]
distortion_model: plumb_bob
distortion_coefficients:
  rows: 1
  cols: 5
  data: [0.04097535332007498, -0.32693493881448615, -8.875602469559667e-05, -0.0022655060973716824, 0.0]
rectification_matrix:
  rows: 3
  cols: 3
  data: [1, 0, 0, 0, 1, 0, 0, 0, 1]
projection_matrix:
  rows: 3
  cols: 4
  data: [675.9915161132812, 0.0, 310.601531392158, 0.0, 0.0, 678.516357421875, 223.2165916528611, 0.0, 0.0, 0.0, 1.0, 0.0]
